1 2 3 4 6 7 8 9 10 12 13 15 16 17 21 22 26 27 28 29 31 33 34 35 36 38 40 41 44 46 47 48 
2 1 4 5 6 7 8 12 13 15 16 19 20 23 24 25 27 29 32 33 34 37 39 41 44 45 47 48 50
3 1 5 8 9 11 12 13 15 19 22 23 24 25 27 31 33 36 37 39 43 44 45 48 49 50
4 1 2 5 6 7 8 11 12 13 18 20 24 26 29 31 34 35 36 37 38 39 41 42 44 45 46 47 49 50
5 2 3 4 8 9 10 12 13 15 16 17 19 21 23 25 29 31 33 34 37 40 41 42 43 44 45 46 47 48 49 50
6 1 2 4 7 11 12 15 16 17 18 19 23 24 25 26 28 30 31 33 35 37 38 39 40 42 43 44 49 50
7 1 2 4 6 9 11 12 15 16 17 20 21 24 25 26 27 28 29 30 31 33 35 36 39 40 41 45 46 48 50
8 1 2 3 4 5 9 12 14 15 20 21 22 23 24 25 26 27 31 32  38 40 41 42 45 46 47 48 50
9 1 3 5 7 8 10 13 15 16 17 19 21 22 23 25 29 31 32 33 34 36 37 40 44 45 48 49 50
10 1 5 9 12 13 15 16 17 18 19 20 22 24 27 28 29 30 35 37 38 39 40 41 42 47 48 49 50
11 3 4 6 7 12 13 14 15 19 20 21 22 24 26 28 32 33 34 35 36 43 44 45 46 47 48 50
12 1 2 3 4 5 6 7 8 10 11 16 17 19 20 21 22 23 26 27 29 30 31 33 34 36 37 38 39 40 41 44 47 49 
13 1 2 3 4 5 9 10 11 14 15 16 18 21 24 27 28 29 31 32 34 35 38 39 40 42 43 45 46 47 48 
14  8 11 13 15 16 17 20 22 23 25 28 31 32 34 35 39 43 44 47 48 49 50
15 1 2 3 5 6 7 8 9 10 11 13 14 16 17 19 23 26 31 33 34 38 40 41 44 45 46 48 50
16 1 2 5 6 7 9 10 12 13 14 15 17 18 21 24 25 26 27 29 32 34 36 37 38 39 40 41 44 46 48 50
17 1 5 6 7 9 10 12 14 15 16 18 20 21 23 24 27 29 30 31 32 35 40 41 42 44 46 48 50
18 4 6 10 13 16 17 19 20 21 24 28 30 31 32 33 35 36 39 41 42 43 44 45 47 48 49 50
19 2 3 5 6 9 10 11 12 15 18 21 22 23 24 25 26 30 31 32 33 34 35 38 40 42 43 45 48 49 
20 2 4 7 8 10 11 12 14 17 18 22 25 27 28 31 36 37 39 41 42 44 45 46 47 49 50
21 1 5 7 8 9 11 12 13 16 17 18 19 22 23 24 25 26 27 28 30 31 33 35 36 37 38 39 40 41 43 44 45 46 50
22 1 3 8 9 10 11 12 14 19 20 21 23 24 25 26 27 28 30 31 34 37 38 39 40 42 44 45 47 49 50
23 2 3 5 6 8 9 12 14 15 17 19 21 22 25 26 27 29 34 36 38 40 42 43 44 45 46 47 49 50
24 2 3 4 6 7 8 10 11 13 16 17 18 19 21 22 25 27 28 30 31 32 33 34 36 37 39 40 41 42 43 46 47 49 
25 2 3 5 6 7 8 9 14 16 19 20 21 22 23 24 26 27 28 29 31 33 35 36 39 43 47 50
26 1 4 6 7 8 11 12 15 16 19 21 22 23 25 27 29 30 31 33 35 36 37 39 40 41 43 45 46 49 
27 1 2 3 7 8 10 12 13 16 17 20 21 22 23 24 25 26 28 30 31 33 35 37 38 39 40 41 45 47 48 50
28 1 6 7 10 11 13 14 18 20 21 22 24 25 27 30 31 32 34 36 37 39 40 44 48 49 50
29 1 2 4 5 7 9 10 12 13 16 17  23 25 26 30 31 32 34 35 38 40 41 42 44 45 46 49 
30 6 7 10 12 17 18 19 21 22 24 26 27 28 29 32 33 34 36 37 38 41 42 44 46 48 49 
31 1 3 4 5 6 7 8 9 12 13 14 15 17 18 19 20 21 22 24 25 26 27 28 29 32 33 34 35 36 37 38 39 40  48 50
32 2  8 9 11 13 14 16 17 18 19 24 28 29 30 31 35 36 37 39 42 44 45 47 48 49 
33 1 2 3 5 6 7 9 11 12 15 18 19 21 24 25 26 27 30 31 37 40 41 42  48 49 
34 1 2 4 5 9 11 12 13 14 15 16 19 22 23 24 28 29 30 31 37 38 40 41 42 44 45 47 
35 1 4 6 7 10 11 13 14 17 18 19 21 25 26 27 29 31 32 36 38 41 45 46 
36 1 3 4 7 9 11 12 16 18 20 21 23 24 25 26 28 30 31 32 35 37 38  44 45 46 47 48 
37 2 3 4 5 6 9 10 12 16 20 21 22 24 26 27 28 30 31 32 33 34 36 38 39 41 44 45 46 47 48 49 
38 1 4 6 8 10 12 13 15 16 19 21 22 23 27 29 30 31 34 35 36 37 41 43 46 47 49 50
39 2 3 4 6 7 10 12 13 14 16 18 20 21 22 24 25 26 27 28 31 32 37 40 41 43 44 45 46 50
40 1 5 6 7 8 9 10 12 13 15 16 17 19 21 22 23 24 26 27 28 29 31 33 34 39 43 45 48 
41 1 2 4 5 7 8 10 12 15 16 17 18 20 21 24 26 27 29 30 33 34 35 37 38 39 42 43 44 45 46 47 48 49 50
42 4 5 6 8 10 13 17 18 19 20 22 23 24 29 30 32 33 34 41 44 47 48 49 50
43 3 5 6 11 13 14 18 19 21 23 24 25 26 38 39 40 41 45 47 48 50
44 1 2 3 4 5 6 9 11 12 14 15 16 17 18 20 21 22 23 28 29 30 32 34 36 37 39 41 42 46 47 48 49 50
45 2 3 4 5 7 8 9 11 13 15 18 19 20 21 22 23 26 27 29 32 34 35 36 37 39 40 41 43 47 48 
46 1 4 5 7 8 11 13 15 16 17 20 21 23 24 26 29 30 35 36 37 38 39 41 44 47 48 49 50
47 1 2 4 5 8 10 11 12 13 14 18 20 22 23 24 25 27 32 34 36 37 38 41 42 43 44 45 46 48 50
48 1 2 3 5 7 8 9 10 11 13 14 15 16 17 18 19  27 28 30 31 32 33 36 37 40 41 42 43 44 45 46 47 49 50
49 3 4 5 6 9 10 12 14 18 19 20 22 23 24 26 28 29 30 32 33 37 38 41 42 44 46 48 50
50 2 3 4 5 6 7 8 9 10 11 14 15 16 17 18 20 21 22 23 25 27 28 31 38 39 41 42 43 44 46 47 48 49 
