4799
514
350
1940
9918
2526
4880
4983
7979
5537
5639
4955
1784
3267
182
227
6759
8436
8062
6939
9588
979
1730
4043
977
2682
2444
8425
4017
3187
3790
6294
7159
9007
4251
3273
29
1033
2154
7538
7298
5981
8968
8129
9070
9887
4958
6666
3015
7875
7509
241
4773
2311
312
5424
5500
6648
3871
62
4549
6397
5286
2097
9970
2867
6181
6933
1988
1269
1201
8736
7889
8421
726
7170
7828
5308
7139
7182
2722
5371
7455
3058
5229
6105
3440
5284
6364
6448
8685
9004
3620
6484
7889
4717
198
5373
3400
4565
6659
1166
5830
8886
3338
4651
9969
8035
4877
4188
8408
7556
2467
4672
9291
3055
6414
4305
7876
8241
9901
8501
5936
2038
165
7243
4021
7447
7517
6726
8830
6763
5273
7229
9653
1137
2342
2777
9013
2511
7813
8173
8866
1445
4128
94
161
515
6947
6625
4881
6291
5282
7686
2461
1666
1306
5885
2934
9118
2801
6250
1063
8178
7153
5214
1696
8857
8003
8444
859
3811
8810
6773
5464
7267
5164
8993
5944
3216
6040
1631
3012
256
7513
2028
3959
3371
2902
3410
4176
5969
7388
1502
3755
2646
4701
1476
4591
5606
2043
5002
63
1337
6237
577
6598
9454
5528
4235
7266
962
2625
6718
7409
6819
9801
9593
2665
3410
5163
5653
2478
2579
6596
5024
8052
5888
1263
6319
6178
5744
479
2719
8056
1013
5524
3391
5816
1018
3664
5642
839
4288
7588
7401
2478
9976
6618
8985
9684
8108
2929
6491
7558
9106
1153
2674
2107
8749
1328
5431
6246
2229
1533
3801
3913
5579
4276
3446
1111
3537
2877
989
8125
9945
3404
4968
6928
8278
8073
2499
1267
1592
7228
2031
265
1781
3892
1392
7681
1381
695
8015
365
7579
7887
4890
1364
5931
5496
973
449
875
234
2519
5911
6403
9353
4909
4924
898
8377
6035
1793
5801
6464
6543
3694
2145
3299
6833
1323
3572
4328
2099
1975
1770
4020
7414
9455
6330
8789
8504
5277
5425
7381
4940
5153
7907
3710
5068
6246
9393
7128
6308
3414
6760
7036
2756
514
3029
1051
353
9176
5292
7679
9232
5636
3901
9391
6635
4831
1926
3214
8755
6282
6855
9637
9707
4718
5225
7317
4335
8243
7577
2962
259
2327
9933
4165
3152
3814
5897
8504
8734
9392
3348
3459
7824
9422
7576
1557
9674
7690
6119
2465
7153
2853
3197
9636
9065
4410
9583
3876
232
3831
6487
4880
9579
3671
7870
903
9505
9519
8778
4582
2571
8011
8274
5913
2461
6782
4424
5419
6097
2803
865
7710
4108
2921
2547
3710
4270
7545
2352
6174
3492
9214
7054
6945
7731
2586
1792
5700
3240
6725
3515
8014
8945
9476
7435
707
5204
699
8156
3061
5966
347
4391
6737
1607
2341
315
6070
6953
4297
7876
4176
3521
7256
9905
9613
7442
90
2448
4271
1879
1034
4873
2018
9304
1799
5446
9215
8087
7603
1428
9934
1485
965
6832
4390
6804
381
7603
4624
6556
3605
4955
8441
5087
6640
123
6991
1424
6017
1310
8563
3903
9221
6981
7946
7430
7340
8510
1829
2265
7626
3500
1947
8659
997
4751
1212
969
8654
9172
4468
215
43
8509
2479
3568
8036
4408
3135
9888
7269
8795
464
3459
3709
8203
2695
958
1615
6227
3590
8549
3054
827
1303
1592
4435
4749
8160
1218
8026
117
5916
8591
8492
1766
7219
6610
4634
3103
8142
3788
2562
5279
4226
862
4171
225
4055
5650
5131
5674
9389
8972
3716
2903
7614
7164
6641
2940
1190
7216
2933
9673
8668
4110
8280
524
7904
2529
9857
6155
1907
7464
6411
9504
7525
7381
9852
987
1049
4414
6259
912
3214
1351
8367
9208
5000
9064
6532
6046
2214
1138
8703
1610
7339
7738
3013
9389
8702
5261
8930
8290
1461
9529
1978
775
9923
4916
9242
5937
8149
2124
3533
3887
208
4912
3732
6248
7793
9200
226
901
8378
5591
9403
8014
6049
6489
1382
1414
8948
2485
6552
9965
2402
2867
9821
5746
6040
2143
6101
1647
2584
235
3296
4710
452
9388
3922
3635
106
4474
2690
1227
8161
3631
8265
9507
4815
8300
5446
5354
2587
4574
6849
4729
8410
6762
8404
1976
7368
8893
8450
4593
7043
2344
3756
159
6586
9544
9108
4776
6175
605
9981
9817
9204
1645
4382
2052
5412
2368
7850
4962
6724
2039
749
3293
9696
412
6906
5489
9640
8929
9887
3301
8520
5557
1403
6637
4056
1515
6122
8070
7535
9882
2965
5476
4264
7644
1736
5122
3626
6062
7211
7258
6866
8364
4753
9165
1473
3932
9118
8548
6414
6742
8056
7827
1313
6254
437
9455
3198
3210
7198
9510
9045
5912
6848
7258
7325
6272
2296
9620
9274
9356
1820
9524
3793
8319
6914
368
271
8198
4271
5334
6270
6640
870
6456
974
7833
4105
5491
9785
3244
3198
9854
4811
5887
4620
9221
112
7578
2905
6216
5566
4734
1057
6062
2493
432
8363
2806
1793
9549
2574
9166
6000
4082
9987
357
4938
3431
7055
9641
7370
1398
8694
8458
9849
9787
2076
6526
3038
390
8903
7825
7012
5904
1516
5067
9132
8589
9992
3226
924
9002
4802
2989
7641
1866
264
5580
5174
7521
3208
2990
5726
4238
4499
6275
7354
1194
3670
9299
2648
8976
4467
7098
6504
6061
4228
5829
9832
3413
8117
8494
977
5315
4042
456
5875
3137
5071
2602
3437
7161
2490
2301
5326
2670
6901
9681
1953
8942
9317
3115
7872
3841
4498
8402
7548
5396
732
4248
1330
2246
680
5071
4521
2014
1192
2892
7549
4855
8172
1013
9620
8743
931
6475
7589
3404
2593
4507
3694
4190
5151
7333
3491
3119
3789
3918
3438
3425
263
8811
7528
392
7669
1491
6943
8037
2951
5721
1110
4907
5589
3012
8053
8507
6401
590
5069
4132
7900
8702
8266
2284
2111
5414
5392
539
2765
149
7435
1231
1886
1548
772
8437
5616
7904
6148
9131
6495
6408
1569
7332
8454
2211
4506
469
8431
9445
7895
8720
2348
4701
